metric,value
es-precision_0.0,1.0
es-recall_0.0,1.0
es-fscore_0.0,1.0
es-precision_min_0.0,0.9999999999999998
es-recall_min_0.0,0.9999999999999998
es-fscore_min_0.0,0.9999999999999998
es-precision_max_0.0,1.0
es-recall_max_0.0,1.0
es-fscore_max_0.0,1.0000000000000002
es-precision_0.01,1.0
es-recall_0.01,1.0
es-fscore_0.01,1.0
es-precision_min_0.01,0.9999999999999998
es-recall_min_0.01,0.9999999999999998
es-fscore_min_0.01,0.9999999999999998
es-precision_max_0.01,1.0
es-recall_max_0.01,1.0
es-fscore_max_0.01,1.0000000000000002
es-precision_0.02,1.0
es-recall_0.02,1.0
es-fscore_0.02,1.0
es-precision_min_0.02,0.9999999999999998
es-recall_min_0.02,0.9999999999999998
es-fscore_min_0.02,0.9999999999999998
es-precision_max_0.02,1.0
es-recall_max_0.02,1.0
es-fscore_max_0.02,1.0000000000000002
es-precision_0.03,1.0
es-recall_0.03,1.0
es-fscore_0.03,1.0
es-precision_min_0.03,0.9999999999999998
es-recall_min_0.03,0.9999999999999998
es-fscore_min_0.03,0.9999999999999998
es-precision_max_0.03,1.0
es-recall_max_0.03,1.0
es-fscore_max_0.03,1.0000000000000002
es-precision_0.04,1.0
es-recall_0.04,1.0
es-fscore_0.04,1.0
es-precision_min_0.04,0.9999999999999998
es-recall_min_0.04,0.9999999999999998
es-fscore_min_0.04,0.9999999999999998
es-precision_max_0.04,1.0
es-recall_max_0.04,1.0
es-fscore_max_0.04,1.0000000000000002
es-precision_0.05,1.0
es-recall_0.05,1.0
es-fscore_0.05,1.0
es-precision_min_0.05,0.9999999999999998
es-recall_min_0.05,0.9999999999999998
es-fscore_min_0.05,0.9999999999999998
es-precision_max_0.05,1.0
es-recall_max_0.05,1.0
es-fscore_max_0.05,1.0000000000000002
es-precision_0.06,1.0
es-recall_0.06,1.0
es-fscore_0.06,1.0
es-precision_min_0.06,0.9999999999999998
es-recall_min_0.06,0.9999999999999998
es-fscore_min_0.06,0.9999999999999998
es-precision_max_0.06,1.0
es-recall_max_0.06,1.0
es-fscore_max_0.06,1.0000000000000002
es-precision_0.07,1.0
es-recall_0.07,1.0
es-fscore_0.07,1.0
es-precision_min_0.07,0.9999999999999998
es-recall_min_0.07,0.9999999999999998
es-fscore_min_0.07,0.9999999999999998
es-precision_max_0.07,1.0
es-recall_max_0.07,1.0
es-fscore_max_0.07,1.0000000000000002
es-precision_0.08,1.0
es-recall_0.08,1.0
es-fscore_0.08,1.0
es-precision_min_0.08,0.9999999999999998
es-recall_min_0.08,0.9999999999999998
es-fscore_min_0.08,0.9999999999999998
es-precision_max_0.08,1.0
es-recall_max_0.08,1.0
es-fscore_max_0.08,1.0000000000000002
es-precision_0.09,1.0
es-recall_0.09,1.0
es-fscore_0.09,1.0
es-precision_min_0.09,0.9999999999999998
es-recall_min_0.09,0.9999999999999998
es-fscore_min_0.09,0.9999999999999998
es-precision_max_0.09,1.0
es-recall_max_0.09,1.0
es-fscore_max_0.09,1.0000000000000002
es-precision_0.1,1.0
es-recall_0.1,1.0
es-fscore_0.1,1.0
es-precision_min_0.1,0.9999999999999998
es-recall_min_0.1,0.9999999999999998
es-fscore_min_0.1,0.9999999999999998
es-precision_max_0.1,1.0
es-recall_max_0.1,1.0
es-fscore_max_0.1,1.0000000000000002
es-precision_0.11,1.0
es-recall_0.11,1.0
es-fscore_0.11,1.0
es-precision_min_0.11,0.9999999999999998
es-recall_min_0.11,0.9999999999999998
es-fscore_min_0.11,0.9999999999999998
es-precision_max_0.11,1.0
es-recall_max_0.11,1.0
es-fscore_max_0.11,1.0000000000000002
es-precision_0.12,1.0
es-recall_0.12,1.0
es-fscore_0.12,1.0
es-precision_min_0.12,0.9999999999999998
es-recall_min_0.12,0.9999999999999998
es-fscore_min_0.12,0.9999999999999998
es-precision_max_0.12,1.0
es-recall_max_0.12,1.0
es-fscore_max_0.12,1.0000000000000002
es-precision_0.13,1.0
es-recall_0.13,1.0
es-fscore_0.13,1.0
es-precision_min_0.13,0.9999999999999998
es-recall_min_0.13,0.9999999999999998
es-fscore_min_0.13,0.9999999999999998
es-precision_max_0.13,1.0
es-recall_max_0.13,1.0
es-fscore_max_0.13,1.0000000000000002
es-precision_0.14,1.0
es-recall_0.14,1.0
es-fscore_0.14,1.0
es-precision_min_0.14,0.9999999999999998
es-recall_min_0.14,0.9999999999999998
es-fscore_min_0.14,0.9999999999999998
es-precision_max_0.14,1.0
es-recall_max_0.14,1.0
es-fscore_max_0.14,1.0000000000000002
es-precision_0.15,1.0
es-recall_0.15,1.0
es-fscore_0.15,1.0
es-precision_min_0.15,0.9999999999999998
es-recall_min_0.15,0.9999999999999998
es-fscore_min_0.15,0.9999999999999998
es-precision_max_0.15,1.0
es-recall_max_0.15,1.0
es-fscore_max_0.15,1.0000000000000002
es-precision_0.16,1.0
es-recall_0.16,1.0
es-fscore_0.16,1.0
es-precision_min_0.16,0.9999999999999998
es-recall_min_0.16,0.9999999999999998
es-fscore_min_0.16,0.9999999999999998
es-precision_max_0.16,1.0
es-recall_max_0.16,1.0
es-fscore_max_0.16,1.0000000000000002
es-precision_0.17,1.0
es-recall_0.17,1.0
es-fscore_0.17,1.0
es-precision_min_0.17,0.9999999999999998
es-recall_min_0.17,0.9999999999999998
es-fscore_min_0.17,0.9999999999999998
es-precision_max_0.17,1.0
es-recall_max_0.17,1.0
es-fscore_max_0.17,1.0000000000000002
es-precision_0.18,1.0
es-recall_0.18,1.0
es-fscore_0.18,1.0
es-precision_min_0.18,0.9999999999999998
es-recall_min_0.18,0.9999999999999998
es-fscore_min_0.18,0.9999999999999998
es-precision_max_0.18,1.0
es-recall_max_0.18,1.0
es-fscore_max_0.18,1.0000000000000002
es-precision_0.19,1.0
es-recall_0.19,1.0
es-fscore_0.19,1.0
es-precision_min_0.19,0.9999999999999998
es-recall_min_0.19,0.9999999999999998
es-fscore_min_0.19,0.9999999999999998
es-precision_max_0.19,1.0
es-recall_max_0.19,1.0
es-fscore_max_0.19,1.0000000000000002
es-precision_0.2,1.0
es-recall_0.2,1.0
es-fscore_0.2,1.0
es-precision_min_0.2,0.9999999999999998
es-recall_min_0.2,0.9999999999999998
es-fscore_min_0.2,0.9999999999999998
es-precision_max_0.2,1.0
es-recall_max_0.2,1.0
es-fscore_max_0.2,1.0000000000000002
es-precision_0.21,1.0
es-recall_0.21,1.0
es-fscore_0.21,1.0
es-precision_min_0.21,0.9999999999999998
es-recall_min_0.21,0.9999999999999998
es-fscore_min_0.21,0.9999999999999998
es-precision_max_0.21,1.0
es-recall_max_0.21,1.0
es-fscore_max_0.21,1.0000000000000002
es-precision_0.22,1.0
es-recall_0.22,1.0
es-fscore_0.22,1.0
es-precision_min_0.22,0.9999999999999998
es-recall_min_0.22,0.9999999999999998
es-fscore_min_0.22,0.9999999999999998
es-precision_max_0.22,1.0
es-recall_max_0.22,1.0
es-fscore_max_0.22,1.0000000000000002
es-precision_0.23,1.0
es-recall_0.23,1.0
es-fscore_0.23,1.0
es-precision_min_0.23,0.9999999999999998
es-recall_min_0.23,0.9999999999999998
es-fscore_min_0.23,0.9999999999999998
es-precision_max_0.23,1.0
es-recall_max_0.23,1.0
es-fscore_max_0.23,1.0000000000000002
es-precision_0.24,1.0
es-recall_0.24,1.0
es-fscore_0.24,1.0
es-precision_min_0.24,0.9999999999999998
es-recall_min_0.24,0.9999999999999998
es-fscore_min_0.24,0.9999999999999998
es-precision_max_0.24,1.0
es-recall_max_0.24,1.0
es-fscore_max_0.24,1.0000000000000002
es-precision_0.25,1.0
es-recall_0.25,1.0
es-fscore_0.25,1.0
es-precision_min_0.25,0.9999999999999998
es-recall_min_0.25,0.9999999999999998
es-fscore_min_0.25,0.9999999999999998
es-precision_max_0.25,1.0
es-recall_max_0.25,1.0
es-fscore_max_0.25,1.0000000000000002
es-precision_0.26,1.0
es-recall_0.26,1.0
es-fscore_0.26,1.0
es-precision_min_0.26,0.9999999999999998
es-recall_min_0.26,0.9999999999999998
es-fscore_min_0.26,0.9999999999999998
es-precision_max_0.26,1.0
es-recall_max_0.26,1.0
es-fscore_max_0.26,1.0000000000000002
es-precision_0.27,1.0
es-recall_0.27,1.0
es-fscore_0.27,1.0
es-precision_min_0.27,0.9999999999999998
es-recall_min_0.27,0.9999999999999998
es-fscore_min_0.27,0.9999999999999998
es-precision_max_0.27,1.0
es-recall_max_0.27,1.0
es-fscore_max_0.27,1.0000000000000002
es-precision_0.28,1.0
es-recall_0.28,1.0
es-fscore_0.28,1.0
es-precision_min_0.28,0.9999999999999998
es-recall_min_0.28,0.9999999999999998
es-fscore_min_0.28,0.9999999999999998
es-precision_max_0.28,1.0
es-recall_max_0.28,1.0
es-fscore_max_0.28,1.0000000000000002
es-precision_0.29,1.0
es-recall_0.29,1.0
es-fscore_0.29,1.0
es-precision_min_0.29,0.9999999999999998
es-recall_min_0.29,0.9999999999999998
es-fscore_min_0.29,0.9999999999999998
es-precision_max_0.29,1.0
es-recall_max_0.29,1.0
es-fscore_max_0.29,1.0000000000000002
es-precision_0.3,1.0
es-recall_0.3,1.0
es-fscore_0.3,1.0
es-precision_min_0.3,0.9999999999999998
es-recall_min_0.3,0.9999999999999998
es-fscore_min_0.3,0.9999999999999998
es-precision_max_0.3,1.0
es-recall_max_0.3,1.0
es-fscore_max_0.3,1.0000000000000002
es-precision_0.31,1.0
es-recall_0.31,1.0
es-fscore_0.31,1.0
es-precision_min_0.31,0.9999999999999998
es-recall_min_0.31,0.9999999999999998
es-fscore_min_0.31,0.9999999999999998
es-precision_max_0.31,1.0
es-recall_max_0.31,1.0
es-fscore_max_0.31,1.0000000000000002
es-precision_0.32,1.0
es-recall_0.32,1.0
es-fscore_0.32,1.0
es-precision_min_0.32,0.9999999999999998
es-recall_min_0.32,0.9999999999999998
es-fscore_min_0.32,0.9999999999999998
es-precision_max_0.32,1.0
es-recall_max_0.32,1.0
es-fscore_max_0.32,1.0000000000000002
es-precision_0.33,1.0
es-recall_0.33,1.0
es-fscore_0.33,1.0
es-precision_min_0.33,0.9999999999999998
es-recall_min_0.33,0.9999999999999998
es-fscore_min_0.33,0.9999999999999998
es-precision_max_0.33,1.0
es-recall_max_0.33,1.0
es-fscore_max_0.33,1.0000000000000002
es-precision_0.34,1.0
es-recall_0.34,1.0
es-fscore_0.34,1.0
es-precision_min_0.34,0.9999999999999998
es-recall_min_0.34,0.9999999999999998
es-fscore_min_0.34,0.9999999999999998
es-precision_max_0.34,1.0
es-recall_max_0.34,1.0
es-fscore_max_0.34,1.0000000000000002
es-precision_0.35,1.0
es-recall_0.35,1.0
es-fscore_0.35,1.0
es-precision_min_0.35,0.9999999999999998
es-recall_min_0.35,0.9999999999999998
es-fscore_min_0.35,0.9999999999999998
es-precision_max_0.35,1.0
es-recall_max_0.35,1.0
es-fscore_max_0.35,1.0000000000000002
es-precision_0.36,1.0
es-recall_0.36,1.0
es-fscore_0.36,1.0
es-precision_min_0.36,0.9999999999999998
es-recall_min_0.36,0.9999999999999998
es-fscore_min_0.36,0.9999999999999998
es-precision_max_0.36,1.0
es-recall_max_0.36,1.0
es-fscore_max_0.36,1.0000000000000002
es-precision_0.37,1.0
es-recall_0.37,1.0
es-fscore_0.37,1.0
es-precision_min_0.37,0.9999999999999998
es-recall_min_0.37,0.9999999999999998
es-fscore_min_0.37,0.9999999999999998
es-precision_max_0.37,1.0
es-recall_max_0.37,1.0
es-fscore_max_0.37,1.0000000000000002
es-precision_0.38,1.0
es-recall_0.38,1.0
es-fscore_0.38,1.0
es-precision_min_0.38,0.9999999999999998
es-recall_min_0.38,0.9999999999999998
es-fscore_min_0.38,0.9999999999999998
es-precision_max_0.38,1.0
es-recall_max_0.38,1.0
es-fscore_max_0.38,1.0000000000000002
es-precision_0.39,1.0
es-recall_0.39,1.0
es-fscore_0.39,1.0
es-precision_min_0.39,0.9999999999999998
es-recall_min_0.39,0.9999999999999998
es-fscore_min_0.39,0.9999999999999998
es-precision_max_0.39,1.0
es-recall_max_0.39,1.0
es-fscore_max_0.39,1.0000000000000002
es-precision_0.4,1.0
es-recall_0.4,1.0
es-fscore_0.4,1.0
es-precision_min_0.4,0.9999999999999998
es-recall_min_0.4,0.9999999999999998
es-fscore_min_0.4,0.9999999999999998
es-precision_max_0.4,1.0
es-recall_max_0.4,1.0
es-fscore_max_0.4,1.0000000000000002
es-precision_0.41,1.0
es-recall_0.41,1.0
es-fscore_0.41,1.0
es-precision_min_0.41,0.9999999999999998
es-recall_min_0.41,0.9999999999999998
es-fscore_min_0.41,0.9999999999999998
es-precision_max_0.41,1.0
es-recall_max_0.41,1.0
es-fscore_max_0.41,1.0000000000000002
es-precision_0.42,1.0
es-recall_0.42,1.0
es-fscore_0.42,1.0
es-precision_min_0.42,0.9999999999999998
es-recall_min_0.42,0.9999999999999998
es-fscore_min_0.42,0.9999999999999998
es-precision_max_0.42,1.0
es-recall_max_0.42,1.0
es-fscore_max_0.42,1.0000000000000002
es-precision_0.43,1.0
es-recall_0.43,1.0
es-fscore_0.43,1.0
es-precision_min_0.43,0.9999999999999998
es-recall_min_0.43,0.9999999999999998
es-fscore_min_0.43,0.9999999999999998
es-precision_max_0.43,1.0
es-recall_max_0.43,1.0
es-fscore_max_0.43,1.0000000000000002
es-precision_0.44,1.0
es-recall_0.44,1.0
es-fscore_0.44,1.0
es-precision_min_0.44,0.9999999999999998
es-recall_min_0.44,0.9999999999999998
es-fscore_min_0.44,0.9999999999999998
es-precision_max_0.44,1.0
es-recall_max_0.44,1.0
es-fscore_max_0.44,1.0000000000000002
es-precision_0.45,1.0
es-recall_0.45,1.0
es-fscore_0.45,1.0
es-precision_min_0.45,0.9999999999999998
es-recall_min_0.45,0.9999999999999998
es-fscore_min_0.45,0.9999999999999998
es-precision_max_0.45,1.0
es-recall_max_0.45,1.0
es-fscore_max_0.45,1.0000000000000002
es-precision_0.46,1.0
es-recall_0.46,1.0
es-fscore_0.46,1.0
es-precision_min_0.46,0.9999999999999998
es-recall_min_0.46,0.9999999999999998
es-fscore_min_0.46,0.9999999999999998
es-precision_max_0.46,1.0
es-recall_max_0.46,1.0
es-fscore_max_0.46,1.0000000000000002
es-precision_0.47,1.0
es-recall_0.47,1.0
es-fscore_0.47,1.0
es-precision_min_0.47,0.9999999999999998
es-recall_min_0.47,0.9999999999999998
es-fscore_min_0.47,0.9999999999999998
es-precision_max_0.47,1.0
es-recall_max_0.47,1.0
es-fscore_max_0.47,1.0000000000000002
es-precision_0.48,1.0
es-recall_0.48,1.0
es-fscore_0.48,1.0
es-precision_min_0.48,0.9999999999999998
es-recall_min_0.48,0.9999999999999998
es-fscore_min_0.48,0.9999999999999998
es-precision_max_0.48,1.0
es-recall_max_0.48,1.0
es-fscore_max_0.48,1.0000000000000002
es-precision_0.49,1.0
es-recall_0.49,1.0
es-fscore_0.49,1.0
es-precision_min_0.49,0.9999999999999998
es-recall_min_0.49,0.9999999999999998
es-fscore_min_0.49,0.9999999999999998
es-precision_max_0.49,1.0
es-recall_max_0.49,1.0
es-fscore_max_0.49,1.0000000000000002
es-precision_0.5,1.0
es-recall_0.5,1.0
es-fscore_0.5,1.0
es-precision_min_0.5,0.9999999999999998
es-recall_min_0.5,0.9999999999999998
es-fscore_min_0.5,0.9999999999999998
es-precision_max_0.5,1.0
es-recall_max_0.5,1.0
es-fscore_max_0.5,1.0000000000000002
es-precision_0.51,1.0
es-recall_0.51,1.0
es-fscore_0.51,1.0
es-precision_min_0.51,0.9999999999999998
es-recall_min_0.51,0.9999999999999998
es-fscore_min_0.51,0.9999999999999998
es-precision_max_0.51,1.0
es-recall_max_0.51,1.0
es-fscore_max_0.51,1.0000000000000002
es-precision_0.52,1.0
es-recall_0.52,1.0
es-fscore_0.52,1.0
es-precision_min_0.52,0.9999999999999998
es-recall_min_0.52,0.9999999999999998
es-fscore_min_0.52,0.9999999999999998
es-precision_max_0.52,1.0
es-recall_max_0.52,1.0
es-fscore_max_0.52,1.0000000000000002
es-precision_0.53,1.0
es-recall_0.53,1.0
es-fscore_0.53,1.0
es-precision_min_0.53,0.9999999999999998
es-recall_min_0.53,0.9999999999999998
es-fscore_min_0.53,0.9999999999999998
es-precision_max_0.53,1.0
es-recall_max_0.53,1.0
es-fscore_max_0.53,1.0000000000000002
es-precision_0.54,1.0
es-recall_0.54,1.0
es-fscore_0.54,1.0
es-precision_min_0.54,0.9999999999999998
es-recall_min_0.54,0.9999999999999998
es-fscore_min_0.54,0.9999999999999998
es-precision_max_0.54,1.0
es-recall_max_0.54,1.0
es-fscore_max_0.54,1.0000000000000002
es-precision_0.55,1.0
es-recall_0.55,1.0
es-fscore_0.55,1.0
es-precision_min_0.55,0.9999999999999998
es-recall_min_0.55,0.9999999999999998
es-fscore_min_0.55,0.9999999999999998
es-precision_max_0.55,1.0
es-recall_max_0.55,1.0
es-fscore_max_0.55,1.0000000000000002
es-precision_0.56,1.0
es-recall_0.56,1.0
es-fscore_0.56,1.0
es-precision_min_0.56,0.9999999999999998
es-recall_min_0.56,0.9999999999999998
es-fscore_min_0.56,0.9999999999999998
es-precision_max_0.56,1.0
es-recall_max_0.56,1.0
es-fscore_max_0.56,1.0000000000000002
es-precision_0.57,1.0
es-recall_0.57,1.0
es-fscore_0.57,1.0
es-precision_min_0.57,0.9999999999999998
es-recall_min_0.57,0.9999999999999998
es-fscore_min_0.57,0.9999999999999998
es-precision_max_0.57,1.0
es-recall_max_0.57,1.0
es-fscore_max_0.57,1.0000000000000002
es-precision_0.58,0.9314285714285713
es-recall_0.58,0.9314285714285713
es-fscore_0.58,0.9314285714285715
es-precision_min_0.58,0.8
es-recall_min_0.58,0.8
es-fscore_min_0.58,0.8000000000000002
es-precision_max_0.58,1.0
es-recall_max_0.58,1.0
es-fscore_max_0.58,1.0000000000000002
es-precision_0.59,0.9314285714285713
es-recall_0.59,0.9314285714285713
es-fscore_0.59,0.9314285714285715
es-precision_min_0.59,0.8
es-recall_min_0.59,0.8
es-fscore_min_0.59,0.8000000000000002
es-precision_max_0.59,1.0
es-recall_max_0.59,1.0
es-fscore_max_0.59,1.0000000000000002
es-precision_0.6,0.9314285714285713
es-recall_0.6,0.9314285714285713
es-fscore_0.6,0.9314285714285715
es-precision_min_0.6,0.8
es-recall_min_0.6,0.8
es-fscore_min_0.6,0.8000000000000002
es-precision_max_0.6,1.0
es-recall_max_0.6,1.0
es-fscore_max_0.6,1.0000000000000002
es-precision_0.61,0.9314285714285713
es-recall_0.61,0.9314285714285713
es-fscore_0.61,0.9314285714285715
es-precision_min_0.61,0.8
es-recall_min_0.61,0.8
es-fscore_min_0.61,0.8000000000000002
es-precision_max_0.61,1.0
es-recall_max_0.61,1.0
es-fscore_max_0.61,1.0000000000000002
es-precision_0.62,0.9314285714285713
es-recall_0.62,0.9314285714285713
es-fscore_0.62,0.9314285714285715
es-precision_min_0.62,0.8
es-recall_min_0.62,0.8
es-fscore_min_0.62,0.8000000000000002
es-precision_max_0.62,1.0
es-recall_max_0.62,1.0
es-fscore_max_0.62,1.0000000000000002
es-precision_0.63,0.9314285714285713
es-recall_0.63,0.9314285714285713
es-fscore_0.63,0.9314285714285715
es-precision_min_0.63,0.8
es-recall_min_0.63,0.8
es-fscore_min_0.63,0.8000000000000002
es-precision_max_0.63,1.0
es-recall_max_0.63,1.0
es-fscore_max_0.63,1.0000000000000002
es-precision_0.64,0.9314285714285713
es-recall_0.64,0.9314285714285713
es-fscore_0.64,0.9314285714285715
es-precision_min_0.64,0.8
es-recall_min_0.64,0.8
es-fscore_min_0.64,0.8000000000000002
es-precision_max_0.64,1.0
es-recall_max_0.64,1.0
es-fscore_max_0.64,1.0000000000000002
es-precision_0.65,0.9314285714285713
es-recall_0.65,0.9314285714285713
es-fscore_0.65,0.9314285714285715
es-precision_min_0.65,0.8
es-recall_min_0.65,0.8
es-fscore_min_0.65,0.8000000000000002
es-precision_max_0.65,1.0
es-recall_max_0.65,1.0
es-fscore_max_0.65,1.0000000000000002
es-precision_0.66,0.8914285714285712
es-recall_0.66,0.8914285714285712
es-fscore_0.66,0.8914285714285715
es-precision_min_0.66,0.8
es-recall_min_0.66,0.8
es-fscore_min_0.66,0.8000000000000002
es-precision_max_0.66,0.9999999999999999
es-recall_max_0.66,0.9999999999999999
es-fscore_max_0.66,0.9999999999999999
es-precision_0.67,0.8914285714285712
es-recall_0.67,0.8914285714285712
es-fscore_0.67,0.8914285714285715
es-precision_min_0.67,0.8
es-recall_min_0.67,0.8
es-fscore_min_0.67,0.8000000000000002
es-precision_max_0.67,0.9999999999999999
es-recall_max_0.67,0.9999999999999999
es-fscore_max_0.67,0.9999999999999999
es-precision_0.68,0.8914285714285712
es-recall_0.68,0.8914285714285712
es-fscore_0.68,0.8914285714285715
es-precision_min_0.68,0.8
es-recall_min_0.68,0.8
es-fscore_min_0.68,0.8000000000000002
es-precision_max_0.68,0.9999999999999999
es-recall_max_0.68,0.9999999999999999
es-fscore_max_0.68,0.9999999999999999
es-precision_0.69,0.8914285714285712
es-recall_0.69,0.8914285714285712
es-fscore_0.69,0.8914285714285715
es-precision_min_0.69,0.8
es-recall_min_0.69,0.8
es-fscore_min_0.69,0.8000000000000002
es-precision_max_0.69,0.9999999999999999
es-recall_max_0.69,0.9999999999999999
es-fscore_max_0.69,0.9999999999999999
es-precision_0.7,0.8914285714285712
es-recall_0.7,0.8914285714285712
es-fscore_0.7,0.8914285714285715
es-precision_min_0.7,0.8
es-recall_min_0.7,0.8
es-fscore_min_0.7,0.8000000000000002
es-precision_max_0.7,0.9999999999999999
es-recall_max_0.7,0.9999999999999999
es-fscore_max_0.7,0.9999999999999999
es-precision_0.71,0.8914285714285712
es-recall_0.71,0.8914285714285712
es-fscore_0.71,0.8914285714285715
es-precision_min_0.71,0.8
es-recall_min_0.71,0.8
es-fscore_min_0.71,0.8000000000000002
es-precision_max_0.71,0.9999999999999999
es-recall_max_0.71,0.9999999999999999
es-fscore_max_0.71,0.9999999999999999
es-precision_0.72,0.8914285714285712
es-recall_0.72,0.8914285714285712
es-fscore_0.72,0.8914285714285715
es-precision_min_0.72,0.8
es-recall_min_0.72,0.8
es-fscore_min_0.72,0.8000000000000002
es-precision_max_0.72,0.9999999999999999
es-recall_max_0.72,0.9999999999999999
es-fscore_max_0.72,0.9999999999999999
es-precision_0.73,0.8914285714285712
es-recall_0.73,0.8914285714285712
es-fscore_0.73,0.8914285714285715
es-precision_min_0.73,0.8
es-recall_min_0.73,0.8
es-fscore_min_0.73,0.8000000000000002
es-precision_max_0.73,0.9999999999999999
es-recall_max_0.73,0.9999999999999999
es-fscore_max_0.73,0.9999999999999999
es-precision_0.74,0.8914285714285712
es-recall_0.74,0.8914285714285712
es-fscore_0.74,0.8914285714285715
es-precision_min_0.74,0.8
es-recall_min_0.74,0.8
es-fscore_min_0.74,0.8000000000000002
es-precision_max_0.74,0.9999999999999999
es-recall_max_0.74,0.9999999999999999
es-fscore_max_0.74,0.9999999999999999
es-precision_0.75,0.8914285714285712
es-recall_0.75,0.8914285714285712
es-fscore_0.75,0.8914285714285715
es-precision_min_0.75,0.8
es-recall_min_0.75,0.8
es-fscore_min_0.75,0.8000000000000002
es-precision_max_0.75,0.9999999999999999
es-recall_max_0.75,0.9999999999999999
es-fscore_max_0.75,0.9999999999999999
es-precision_0.76,0.8628571428571427
es-recall_0.76,0.8628571428571427
es-fscore_0.76,0.8628571428571428
es-precision_min_0.76,0.8
es-recall_min_0.76,0.8
es-fscore_min_0.76,0.8000000000000002
es-precision_max_0.76,0.9999999999999999
es-recall_max_0.76,0.9999999999999999
es-fscore_max_0.76,0.9999999999999999
es-precision_0.77,0.8628571428571427
es-recall_0.77,0.8628571428571427
es-fscore_0.77,0.8628571428571428
es-precision_min_0.77,0.8
es-recall_min_0.77,0.8
es-fscore_min_0.77,0.8000000000000002
es-precision_max_0.77,0.9999999999999999
es-recall_max_0.77,0.9999999999999999
es-fscore_max_0.77,0.9999999999999999
es-precision_0.78,0.8628571428571427
es-recall_0.78,0.8628571428571427
es-fscore_0.78,0.8628571428571428
es-precision_min_0.78,0.8
es-recall_min_0.78,0.8
es-fscore_min_0.78,0.8000000000000002
es-precision_max_0.78,0.9999999999999999
es-recall_max_0.78,0.9999999999999999
es-fscore_max_0.78,0.9999999999999999
es-precision_0.79,0.8628571428571427
es-recall_0.79,0.8628571428571427
es-fscore_0.79,0.8628571428571428
es-precision_min_0.79,0.8
es-recall_min_0.79,0.8
es-fscore_min_0.79,0.8000000000000002
es-precision_max_0.79,0.9999999999999999
es-recall_max_0.79,0.9999999999999999
es-fscore_max_0.79,0.9999999999999999
es-precision_0.8,0.7942857142857142
es-recall_0.8,0.7942857142857142
es-fscore_0.8,0.7942857142857143
es-precision_min_0.8,0.6000000000000001
es-recall_min_0.8,0.6000000000000001
es-fscore_min_0.8,0.6000000000000001
es-precision_max_0.8,0.9999999999999999
es-recall_max_0.8,0.9999999999999999
es-fscore_max_0.8,0.9999999999999999
es-precision_0.81,0.7942857142857142
es-recall_0.81,0.7942857142857142
es-fscore_0.81,0.7942857142857143
es-precision_min_0.81,0.6000000000000001
es-recall_min_0.81,0.6000000000000001
es-fscore_min_0.81,0.6000000000000001
es-precision_max_0.81,0.9999999999999999
es-recall_max_0.81,0.9999999999999999
es-fscore_max_0.81,0.9999999999999999
es-precision_0.82,0.7609523809523809
es-recall_0.82,0.7609523809523809
es-fscore_0.82,0.7609523809523809
es-precision_min_0.82,0.6000000000000001
es-recall_min_0.82,0.6000000000000001
es-fscore_min_0.82,0.6000000000000001
es-precision_max_0.82,0.857142857142857
es-recall_max_0.82,0.857142857142857
es-fscore_max_0.82,0.857142857142857
es-precision_0.83,0.7609523809523809
es-recall_0.83,0.7609523809523809
es-fscore_0.83,0.7609523809523809
es-precision_min_0.83,0.6000000000000001
es-recall_min_0.83,0.6000000000000001
es-fscore_min_0.83,0.6000000000000001
es-precision_max_0.83,0.857142857142857
es-recall_max_0.83,0.857142857142857
es-fscore_max_0.83,0.857142857142857
es-precision_0.84,0.699047619047619
es-recall_0.84,0.699047619047619
es-fscore_0.84,0.699047619047619
es-precision_min_0.84,0.5714285714285714
es-recall_min_0.84,0.5714285714285714
es-fscore_min_0.84,0.5714285714285714
es-precision_max_0.84,0.857142857142857
es-recall_max_0.84,0.857142857142857
es-fscore_max_0.84,0.857142857142857
es-precision_0.85,0.699047619047619
es-recall_0.85,0.699047619047619
es-fscore_0.85,0.699047619047619
es-precision_min_0.85,0.5714285714285714
es-recall_min_0.85,0.5714285714285714
es-fscore_min_0.85,0.5714285714285714
es-precision_max_0.85,0.857142857142857
es-recall_max_0.85,0.857142857142857
es-fscore_max_0.85,0.857142857142857
es-precision_0.86,0.659047619047619
es-recall_0.86,0.659047619047619
es-fscore_0.86,0.659047619047619
es-precision_min_0.86,0.4
es-recall_min_0.86,0.4
es-fscore_min_0.86,0.4000000000000001
es-precision_max_0.86,0.857142857142857
es-recall_max_0.86,0.857142857142857
es-fscore_max_0.86,0.857142857142857
es-precision_0.87,0.659047619047619
es-recall_0.87,0.659047619047619
es-fscore_0.87,0.659047619047619
es-precision_min_0.87,0.4
es-recall_min_0.87,0.4
es-fscore_min_0.87,0.4000000000000001
es-precision_max_0.87,0.857142857142857
es-recall_max_0.87,0.857142857142857
es-fscore_max_0.87,0.857142857142857
es-precision_0.88,0.5685714285714285
es-recall_0.88,0.5685714285714285
es-fscore_0.88,0.5685714285714287
es-precision_min_0.88,0.4
es-recall_min_0.88,0.4
es-fscore_min_0.88,0.4000000000000001
es-precision_max_0.88,0.8
es-recall_max_0.88,0.8
es-fscore_max_0.88,0.8000000000000002
es-precision_0.89,0.5685714285714285
es-recall_0.89,0.5685714285714285
es-fscore_0.89,0.5685714285714287
es-precision_min_0.89,0.4
es-recall_min_0.89,0.4
es-fscore_min_0.89,0.4000000000000001
es-precision_max_0.89,0.8
es-recall_max_0.89,0.8
es-fscore_max_0.89,0.8000000000000002
es-precision_0.9,0.5685714285714285
es-recall_0.9,0.5685714285714285
es-fscore_0.9,0.5685714285714287
es-precision_min_0.9,0.4
es-recall_min_0.9,0.4
es-fscore_min_0.9,0.4000000000000001
es-precision_max_0.9,0.8
es-recall_max_0.9,0.8
es-fscore_max_0.9,0.8000000000000002
es-precision_0.91,0.5685714285714285
es-recall_0.91,0.5685714285714285
es-fscore_0.91,0.5685714285714287
es-precision_min_0.91,0.4
es-recall_min_0.91,0.4
es-fscore_min_0.91,0.4000000000000001
es-precision_max_0.91,0.8
es-recall_max_0.91,0.8
es-fscore_max_0.91,0.8000000000000002
es-precision_0.92,0.4428571428571429
es-recall_0.92,0.4428571428571429
es-fscore_0.92,0.4428571428571429
es-precision_min_0.92,0.2857142857142857
es-recall_min_0.92,0.2857142857142857
es-fscore_min_0.92,0.2857142857142857
es-precision_max_0.92,0.6000000000000001
es-recall_max_0.92,0.6000000000000001
es-fscore_max_0.92,0.6000000000000001
es-precision_0.93,0.4428571428571429
es-recall_0.93,0.4428571428571429
es-fscore_0.93,0.4428571428571429
es-precision_min_0.93,0.2857142857142857
es-recall_min_0.93,0.2857142857142857
es-fscore_min_0.93,0.2857142857142857
es-precision_max_0.93,0.6000000000000001
es-recall_max_0.93,0.6000000000000001
es-fscore_max_0.93,0.6000000000000001
es-precision_0.94,0.4428571428571429
es-recall_0.94,0.4428571428571429
es-fscore_0.94,0.4428571428571429
es-precision_min_0.94,0.2857142857142857
es-recall_min_0.94,0.2857142857142857
es-fscore_min_0.94,0.2857142857142857
es-precision_max_0.94,0.6000000000000001
es-recall_max_0.94,0.6000000000000001
es-fscore_max_0.94,0.6000000000000001
es-precision_0.95,0.4428571428571429
es-recall_0.95,0.4428571428571429
es-fscore_0.95,0.4428571428571429
es-precision_min_0.95,0.2857142857142857
es-recall_min_0.95,0.2857142857142857
es-fscore_min_0.95,0.2857142857142857
es-precision_max_0.95,0.6000000000000001
es-recall_max_0.95,0.6000000000000001
es-fscore_max_0.95,0.6000000000000001
es-precision_0.96,0.3409523809523809
es-recall_0.96,0.3409523809523809
es-fscore_0.96,0.340952380952381
es-precision_min_0.96,0.2857142857142857
es-recall_min_0.96,0.2857142857142857
es-fscore_min_0.96,0.2857142857142857
es-precision_max_0.96,0.4
es-recall_max_0.96,0.4
es-fscore_max_0.96,0.4000000000000001
es-precision_0.97,0.3409523809523809
es-recall_0.97,0.3409523809523809
es-fscore_0.97,0.340952380952381
es-precision_min_0.97,0.2857142857142857
es-recall_min_0.97,0.2857142857142857
es-fscore_min_0.97,0.2857142857142857
es-precision_max_0.97,0.4
es-recall_max_0.97,0.4
es-fscore_max_0.97,0.4000000000000001
es-precision_0.98,0.30095238095238097
es-recall_0.98,0.30095238095238097
es-fscore_0.98,0.30095238095238097
es-precision_min_0.98,0.2
es-recall_min_0.98,0.2
es-fscore_min_0.98,0.20000000000000004
es-precision_max_0.98,0.4
es-recall_max_0.98,0.4
es-fscore_max_0.98,0.4000000000000001
es-precision_0.99,0.30095238095238097
es-recall_0.99,0.30095238095238097
es-fscore_0.99,0.30095238095238097
es-precision_min_0.99,0.2
es-recall_min_0.99,0.2
es-fscore_min_0.99,0.20000000000000004
es-precision_max_0.99,0.4
es-recall_max_0.99,0.4
es-fscore_max_0.99,0.4000000000000001
es-precision_1.0,0.30095238095238097
es-recall_1.0,0.30095238095238097
es-fscore_1.0,0.30095238095238097
es-precision_min_1.0,0.2
es-recall_min_1.0,0.2
es-fscore_min_1.0,0.20000000000000004
es-precision_max_1.0,0.4
es-recall_max_1.0,0.4
es-fscore_max_1.0,0.4000000000000001
es-auc-precision,0.8839038189533238
es-auc-recall,0.8839038189533238
es-auc-fscore,0.8839038189533241
time,0.4020211696624756
